1 2 0
grave 1 9
-
5 0 0
-
1 8 3
-
1 5 0
2 2 0
-
1 8 0
1 5 0
2 0 0
grave 2 9
-
1 8 4
1 2 1
1 2 2
-
1 8 2
1 2 4
1 5 5
grave 3 9
-
1 8 3
2 0 1
1 0 2
1 0 4
2 0 5
-
1 8 1
1 8 5
1 5 2
1 5 3
1 5 4
grave 4 9
-
1 1 0
1 8 2
1 8 3
1 8 4
1 5 1
1 0 2
1 0 3
1 0 4
1 2 5
grave 5 9
-
5 2 0
5 5 0
5 0 0
-
1 8 2
1 8 4
5 5 0
grave 5 8
-
1 8 1
1 8 3
1 8 5
10 0 0
-
1 8 1
1 8 3
1 8 5
5 2 0
grave 1 8
-
1 8 2
1 8 4
10 5 0
5 2 0
-
15 2 0
10 5 0
grave 5 7
-
5 8 0
10 2 0
10 0 0
-
5 8 0
15 5 0
grave 1 7
-
5 8 0
15 2 0
grave 1 6
grave 5 6
-
1 1 0
10 8 0
10 2 0
10 5 0
15 0 0
-