4 0 0
-
1 0 1
1 0 2
1 0 4
1 0 5
1 5 3
-
2 5 0
2 2 0
grave 1 9
-
4 6 0
1 0 0
grave 2 9
-
1 5 1
1 6 2
1 5 3
1 6 4
1 5 5
-
1 7 0
3 2 0
2 0 0
grave 3 9
-
1 7 0
5 6 0
2 5 0
grave 4 9
-
1 8 2
1 8 4
2 5 1
2 5 3
2 5 5
grave 5 9
-
1 8 1
1 8 3
1 8 5
1 7 2
1 7 4
2 6 0
grave 2 8
-
1 1 0
5 8 0
1 7 1
1 7 5
5 6 0
5 5 0
grave 4 8
-
5 5 0
10 6 0
15 0 0
-
2 7 0
10 5 0
-
2 7 0
10 6 0
-
3 7 0
5 8 0
15 0 0
-
10 8 0
2 7 0
-
20 6 0
8 8 0
10 2 0
-
15 5 0
5 7 0
-
5 7 0
5 8 0
10 6 0
-
5 7 0
15 2 0
-
1 1 0
10 5 0
10 6 0
5 7 0
10 8 0
10 2 0
10 0 0
-