4 0 0
-
4 0 0
1 2 0
-
4 0 0
2 11 0
-
4 2 0
2 13 0
-
1 1 0
2 13 0
4 2 0
4 0 0
2 11 0
-
1 14 0
2 12 0
8 2 0
-
1 15 0
6 13 0
4 4 0
-
1 14 0
1 15 0
4 13 0
4 4 0
2 12 0
4 0 0
-
1 14 0
3 15 0
6 13 0
12 2 0
6 11 0
-
1 1 0
2 16 0
2 14 0
1 15 0
8 2 0
4 11 0
4 4 0
2 12 0
-
1 14 0
3 15 0
2 16 0
4 13 0
12 2 0
6 11 0
-
1 14 0
3 15 0
2 16 0
6 13 0
8 4 0
4 12 0
-
4 14 0
8 13 0
4 2 0
2 11 0
-
4 15 0
4 16 0
8 2 0
4 11 0
-
1 1 0
1 14 1
2 14 2
2 14 5
1 14 6
8 13 0
2 15 1
1 15 2
1 15 5
2 15 6
6 16 0
8 2 0
4 11 0
8 0 0
4 10 0
-