2 0 0
-
3 0 0
2 10 0
-
2 2 0
1 11 0
-
1 17 0
1 11 0
4 0 0
-
1 17 0
1 18 0
2 10 0
2 2 0
-
2 19 0
2 4 0
1 12 0
-
1 18 0
2 17 0
1 21 0
4 2 0
4 10 0
-
2 20 0
2 19 0
2 12 0
2 4 0
-
3 20 0
3 17 0
3 18 0
3 2 0
2 10 0
2 11 0
-
1 1 0
4 17 0
4 18 0
4 19 0
4 20 0
4 0 0
2 10 0
4 2 0
2 12 0
-
6 20 0
8 0 0
8 2 0
4 10 0
4 11 0
-
6 19 0
8 0 0
4 4 0
4 10 0
2 12 0
6 18 0
-
6 17 0
8 0 0
8 2 0
4 10 0
4 11 0
-
12 2 0
12 0 0
8 11 0
8 19 0
-
6 17 0
8 18 0
6 20 0
8 0 0
4 10 0
8 2 0
4 11 0
2 12 0
-
12 19 0
6 18 3
6 18 4
12 0 0
-
8 17 0
12 18 0
8 19 0
8 20 0
8 2 0
4 4 0
4 11 0
2 12 0
-
8 17 0
12 18 0
8 19 0
8 20 0
20 0 0
10 10 0
-
8 17 0
12 18 0
8 19 0
8 20 0
8 4 0
4 12 0
-
1 1 0
10 17 0
12 18 0
10 19 0
10 20 0
10 0 0
10 2 0
5 4 0
5 10 0
5 11 0
3 12 0
-