1 29 2
1 29 3
1 29 4
-
5 29 2
5 29 3
5 29 4
-
5 4 1
-
1 4 1
1 4 5
5 4 2
5 4 4
-
8 4 0
-
3 3 2
3 3 3
3 3 4
5 4 2
5 4 3
5 4 4
-
1 3 1
1 3 5
5 4 2
5 4 3
5 4 4
-
1 29 1
1 4 2
1 27 1
-
1 29 5
1 4 4
1 27 5
-
1 1 0
10 3 0
10 4 0
1 29 0
-
1 20 5
10 4 0
5 3 2
5 3 3
5 3 4
-
10 4 0
1 20 1
1 29 0
-
1 27 1
1 20 2
1 20 3
1 20 4
10 4 0
-
10 4 0
1 27 5
3 3 1
3 3 5
2 29 0
-
3 3 0
3 20 0
3 4 0
-
3 20 0
3 4 0
5 0 0
2 29 0
-
10 4 0
1 29 0
10 0 0
1 27 1
1 27 5
-
10 20 3
-
5 29 0
-
1 1 0
2 27 1
2 27 5
5 20 0
15 4 0
5 3 0
5 29 0
-